weather.token = ac1830efeff59c748d212052f27d49aa
weather.latitude = 34.053044
weather.longitude = -118.243750
